
#Taille Plateau
LARGEUR_PLATEAU = 747;
HAUTEUR_PLATEAU = 717;

#Nombre de case Plateau
NB_CASE_LARGEUR = 13
NB_CASE_HAUTEUR = 13

#Plateau
Ligne 1:	3, 4, 5, 6, 1, 2, 3, 4, 5, 6, 1, 2, 3
Ligne 2:	5, 6, 1, 2, 3, 4, 5, 6, 1, 2, 3, 4, 5
Ligne 3:	1, 2, 3, 4, 5, 6, 3, 2, 3, 4, 5, 6, 1
Ligne 4:	4, 5, 6, 1, 2, 3, 4, 5, 6, 1, 2, 3, 4
Ligne 5:	6, 1, 2, 3, 4, 5, 6, 1, 2, 3, 4, 5, 6
Ligne 6:	2, 3, 4, 5, 6, 1, 2, 3, 4, 5, 6, 1, 2
Ligne 7:	4, 5, 6, 1, 2, 3, 4, 5, 6, 1, 2, 3, 4
Ligne 8:	6, 1, 2, 3, 4, 5, 6, 1, 2, 3, 4, 5, 6
Ligne 9:	2, 3, 4, 5, 6, 1, 2, 3, 4, 5, 6, 1, 2
Ligne 10:	5, 6, 5, 2, 3, 4, 5, 6, 1, 2, 3, 4, 5
Ligne 11:	1, 2, 3, 4, 5, 6, 3, 2, 3, 4, 5, 6, 1
Ligne 12:	3, 4, 5, 6, 1, 2, 3, 4, 5, 6, 1, 2, 3
Ligne 13:	5, 6, 1, 2, 3, 4, 5, 6, 1, 2, 3, 4, 5